3.436454999999999926e-01,1.428428000000000031e+00,4.678066000000000169e-02
3.437855000000000216e-01,1.429634999999999989e+00,4.731330000000000258e-02
3.439046000000000047e-01,1.430841999999999947e+00,4.784967999999999860e-02
3.440031000000000061e-01,1.432048999999999905e+00,4.838987000000000149e-02
3.440807000000000171e-01,1.433257000000000003e+00,4.893379999999999952e-02
3.441375999999999880e-01,1.434463000000000044e+00,4.948150999999999938e-02
3.441737999999999742e-01,1.435669000000000084e+00,5.003298999999999941e-02
3.441891999999999729e-01,1.436873000000000067e+00,5.058822000000000318e-02
3.441838999999999871e-01,1.438075999999999910e+00,5.114719000000000210e-02
3.441579000000000166e-01,1.439276999999999918e+00,5.170989000000000141e-02
3.441113000000000088e-01,1.440474999999999950e+00,5.227636000000000088e-02
3.440441000000000193e-01,1.441670999999999925e+00,5.284654999999999908e-02
3.439562999999999926e-01,1.442863000000000007e+00,5.342045000000000127e-02
3.438479999999999870e-01,1.444051999999999891e+00,5.399807000000000218e-02
3.437194000000000083e-01,1.445238000000000023e+00,5.457937999999999679e-02
3.435703999999999980e-01,1.446418999999999899e+00,5.516435000000000088e-02
3.434010000000000118e-01,1.447594999999999965e+00,5.575299000000000227e-02
3.432115000000000027e-01,1.448765999999999998e+00,5.634527000000000285e-02
3.430019000000000262e-01,1.449932999999999916e+00,5.694118000000000096e-02
3.427722999999999742e-01,1.451092999999999966e+00,5.754071000000000186e-02
3.425227000000000133e-01,1.452247999999999983e+00,5.814384000000000219e-02
3.422532999999999825e-01,1.453395999999999910e+00,5.875053999999999693e-02
3.419641999999999959e-01,1.454538000000000109e+00,5.936077000000000020e-02
3.416556000000000037e-01,1.455672000000000077e+00,5.997455000000000147e-02
3.413274000000000030e-01,1.456798999999999955e+00,6.059182999999999930e-02
3.409800000000000053e-01,1.457918999999999965e+00,6.121257000000000087e-02
3.406133000000000077e-01,1.459030000000000049e+00,6.183678000000000091e-02
3.402276000000000189e-01,1.460132999999999903e+00,6.246440000000000325e-02
3.398228999999999833e-01,1.461227000000000054e+00,6.309544000000000263e-02
3.393996000000000235e-01,1.462312000000000056e+00,6.372982000000000646e-02
3.389576000000000255e-01,1.463387999999999911e+00,6.436754999999999560e-02
3.384971999999999981e-01,1.464453999999999922e+00,6.500859999999999972e-02
3.380184999999999995e-01,1.465510000000000090e+00,6.565292000000000350e-02
3.375216999999999801e-01,1.466555000000000053e+00,6.630047000000000024e-02
3.370071000000000039e-01,1.467589999999999950e+00,6.695123000000000046e-02
3.364747000000000154e-01,1.468614000000000086e+00,6.760517000000000609e-02
3.359247000000000205e-01,1.469626000000000099e+00,6.826222999999999319e-02
3.353574999999999751e-01,1.470626999999999907e+00,6.892239999999999478e-02
3.347730999999999901e-01,1.471616000000000035e+00,6.958564000000000416e-02
3.341718000000000188e-01,1.472591999999999901e+00,7.025188000000000266e-02
3.335538000000000114e-01,1.473556000000000088e+00,7.092112000000000416e-02
3.329192999999999736e-01,1.474507000000000012e+00,7.159327999999999526e-02
3.322685000000000222e-01,1.475444999999999895e+00,7.226837999999999318e-02
3.316016999999999992e-01,1.476369999999999960e+00,7.294631000000000032e-02
3.309191000000000216e-01,1.477281000000000066e+00,7.362704999999999944e-02
3.302208999999999839e-01,1.478177999999999992e+00,7.431058999999999581e-02
3.295074000000000058e-01,1.479060999999999959e+00,7.499680999999999709e-02
3.287787999999999822e-01,1.479929000000000050e+00,7.568571999999999800e-02
3.280353999999999770e-01,1.480782000000000043e+00,7.637729000000000046e-02
3.272773999999999961e-01,1.481619999999999937e+00,7.707142999999999633e-02
3.265050999999999926e-01,1.482442999999999955e+00,7.776810000000000667e-02
3.257187000000000277e-01,1.483251000000000097e+00,7.846728000000000036e-02
3.249186000000000019e-01,1.484042000000000083e+00,7.916887000000000230e-02
3.241048999999999736e-01,1.484817999999999971e+00,7.987286000000000386e-02
3.232780000000000098e-01,1.485576999999999925e+00,8.057918999999999499e-02
3.224382000000000081e-01,1.486320000000000086e+00,8.128778999999999866e-02
3.215856999999999744e-01,1.487046000000000090e+00,8.199861999999999429e-02
3.207208999999999754e-01,1.487754999999999939e+00,8.271164999999999767e-02
3.198440000000000172e-01,1.488447000000000076e+00,8.342676999999999732e-02
3.189551999999999943e-01,1.489120999999999917e+00,8.414397999999999322e-02
3.180550999999999795e-01,1.489778000000000047e+00,8.486319999999999975e-02
3.171436999999999728e-01,1.490417000000000103e+00,8.558438999999999630e-02
3.162213999999999858e-01,1.491039000000000003e+00,8.630746999999999725e-02
3.152886999999999773e-01,1.491640999999999995e+00,8.703238000000000640e-02
3.143456000000000028e-01,1.492226000000000052e+00,8.775911000000000128e-02
3.133926000000000212e-01,1.492791999999999897e+00,8.848754000000000342e-02
3.124300999999999884e-01,1.493338999999999972e+00,8.921763000000000610e-02
3.114582000000000184e-01,1.493867999999999974e+00,8.994934999999999736e-02
3.104773000000000116e-01,1.494377000000000066e+00,9.068263000000000018e-02
3.094878999999999825e-01,1.494866999999999946e+00,9.141736999999999780e-02
3.084900999999999893e-01,1.495338000000000056e+00,9.215355999999999548e-02
3.074843999999999911e-01,1.495789000000000035e+00,9.289110999999999896e-02
3.064709999999999934e-01,1.496221000000000023e+00,9.362997000000000680e-02
3.054504000000000108e-01,1.496633000000000102e+00,9.437007000000000034e-02
3.044226999999999905e-01,1.497025000000000050e+00,9.511134000000000255e-02
3.033885000000000054e-01,1.497395999999999949e+00,9.585375000000000145e-02
3.023480000000000056e-01,1.497748000000000079e+00,9.659721000000000279e-02
3.013016000000000028e-01,1.498080000000000078e+00,9.734165999999999652e-02
3.002496000000000054e-01,1.498391000000000028e+00,9.808704000000000034e-02
2.991924000000000250e-01,1.498682000000000070e+00,9.883329000000000419e-02
2.981304000000000176e-01,1.498952000000000062e+00,9.958034999999999803e-02
2.970637999999999890e-01,1.499201999999999924e+00,1.003281000000000034e-01
2.959930000000000061e-01,1.499430999999999958e+00,1.010766000000000026e-01
2.949184999999999723e-01,1.499638999999999944e+00,1.018257000000000051e-01
2.938405000000000045e-01,1.499827000000000021e+00,1.025752999999999943e-01
2.927594000000000030e-01,1.499992999999999910e+00,1.033253999999999978e-01
2.916754999999999765e-01,1.500138999999999889e+00,1.040757999999999961e-01
2.905892999999999948e-01,1.500262999999999902e+00,1.048266999999999949e-01
2.895011000000000112e-01,1.500367000000000006e+00,1.055777999999999994e-01
2.884112999999999816e-01,1.500450000000000061e+00,1.063291999999999987e-01
2.873201000000000227e-01,1.500510999999999928e+00,1.070805999999999980e-01
2.862279999999999824e-01,1.500550999999999968e+00,1.078322000000000030e-01
2.851353999999999833e-01,1.500571000000000099e+00,1.085837999999999942e-01
2.840424999999999756e-01,1.500569000000000042e+00,1.093352999999999964e-01
2.829498999999999764e-01,1.500545999999999935e+00,1.100867999999999985e-01
2.818576999999999888e-01,1.500502000000000002e+00,1.108380000000000060e-01
2.807664000000000271e-01,1.500437000000000021e+00,1.115889999999999938e-01
2.796763999999999917e-01,1.500350999999999990e+00,1.123397000000000007e-01
2.785880000000000023e-01,1.500243999999999911e+00,1.130899999999999961e-01
2.775015000000000120e-01,1.500116000000000005e+00,1.138398999999999939e-01
2.764173999999999798e-01,1.499965999999999910e+00,1.145893000000000050e-01
2.753359000000000223e-01,1.499795999999999907e+00,1.153380999999999990e-01
2.742575999999999903e-01,1.499605000000000077e+00,1.160862000000000005e-01
2.731825999999999977e-01,1.499392999999999976e+00,1.168336999999999987e-01
2.721114000000000033e-01,1.499160999999999966e+00,1.175804000000000016e-01
2.710443000000000158e-01,1.498907999999999907e+00,1.183262000000000064e-01
2.699816999999999911e-01,1.498634000000000022e+00,1.190712000000000020e-01
2.689238999999999935e-01,1.498339000000000087e+00,1.198151999999999967e-01
2.678712999999999789e-01,1.498024000000000022e+00,1.205582000000000042e-01
2.668242000000000114e-01,1.497689000000000048e+00,1.213000000000000050e-01
2.657829999999999915e-01,1.497333999999999943e+00,1.220408000000000048e-01
2.647479999999999833e-01,1.496958000000000011e+00,1.227802999999999950e-01
2.637195999999999985e-01,1.496563000000000088e+00,1.235186000000000062e-01
2.626980999999999900e-01,1.496146999999999894e+00,1.242555000000000048e-01
2.616839000000000248e-01,1.495711999999999930e+00,1.249910000000000049e-01
2.606771999999999978e-01,1.495257000000000058e+00,1.257251000000000063e-01
2.596784999999999788e-01,1.494782999999999973e+00,1.264577000000000062e-01
2.586879999999999735e-01,1.494288999999999978e+00,1.271886999999999879e-01
2.577061999999999964e-01,1.493775999999999993e+00,1.279180000000000039e-01
2.567331999999999947e-01,1.493244000000000016e+00,1.286455999999999988e-01
2.557695999999999859e-01,1.492693000000000048e+00,1.293715000000000004e-01
2.548154000000000252e-01,1.492123000000000088e+00,1.300956000000000057e-01
2.538712000000000191e-01,1.491535000000000055e+00,1.308178000000000119e-01
2.529371999999999732e-01,1.490928999999999949e+00,1.315380999999999911e-01
2.520137000000000072e-01,1.490304000000000073e+00,1.322563999999999962e-01
2.511010000000000186e-01,1.489660999999999902e+00,1.329726999999999992e-01
2.501995000000000191e-01,1.489001000000000019e+00,1.336867999999999945e-01
2.493093999999999866e-01,1.488321999999999923e+00,1.343988000000000127e-01
2.484310999999999880e-01,1.487627000000000033e+00,1.351085999999999954e-01
2.475648000000000015e-01,1.486914000000000069e+00,1.358161999999999980e-01
2.467109000000000107e-01,1.486183999999999950e+00,1.365214999999999901e-01
2.458695999999999937e-01,1.485438000000000036e+00,1.372242999999999935e-01
2.450411999999999868e-01,1.484674999999999967e+00,1.379247999999999863e-01
2.442259999999999986e-01,1.483894999999999964e+00,1.386227999999999905e-01
2.434242000000000072e-01,1.483100000000000085e+00,1.393184000000000089e-01
2.426361999999999963e-01,1.482288999999999968e+00,1.400113000000000052e-01
2.418623000000000023e-01,1.481462000000000057e+00,1.407017000000000129e-01
2.411026000000000002e-01,1.480620000000000047e+00,1.413892999999999955e-01
2.403573999999999988e-01,1.479762999999999940e+00,1.420742999999999867e-01
2.396271000000000095e-01,1.478890999999999956e+00,1.427566000000000113e-01
2.389118000000000075e-01,1.478004000000000095e+00,1.434360000000000079e-01
2.382118000000000013e-01,1.477103999999999973e+00,1.441126000000000074e-01
2.375272999999999968e-01,1.476188999999999973e+00,1.447864000000000095e-01
2.368586000000000025e-01,1.475260999999999934e+00,1.454572000000000087e-01
2.362059999999999993e-01,1.474318999999999935e+00,1.461251000000000078e-01
2.355695999999999901e-01,1.473363999999999896e+00,1.467899000000000009e-01
2.349496000000000084e-01,1.472396000000000038e+00,1.474517999999999940e-01
2.343463000000000074e-01,1.471414999999999917e+00,1.481105000000000060e-01
2.337599999999999956e-01,1.470423000000000036e+00,1.487661000000000122e-01
2.331907000000000008e-01,1.469417999999999891e+00,1.494186000000000125e-01
2.326387000000000038e-01,1.468401999999999985e+00,1.500679000000000041e-01
2.321042000000000105e-01,1.467373999999999956e+00,1.507139999999999869e-01
2.315875000000000017e-01,1.466334999999999944e+00,1.513568000000000136e-01
2.310886000000000051e-01,1.465286000000000088e+00,1.519963000000000009e-01
2.306078000000000017e-01,1.464226000000000028e+00,1.526324000000000014e-01
2.301452999999999971e-01,1.463155999999999901e+00,1.532652999999999932e-01
2.297010999999999914e-01,1.462077000000000071e+00,1.538947999999999983e-01
2.292754999999999932e-01,1.460987000000000036e+00,1.545208000000000137e-01
2.288687000000000082e-01,1.459888999999999992e+00,1.551433999999999869e-01
2.284808000000000117e-01,1.458782000000000023e+00,1.557626000000000011e-01
2.281118000000000035e-01,1.457667000000000046e+00,1.563781999999999950e-01
2.277620999999999951e-01,1.456544000000000061e+00,1.569904000000000022e-01
2.274316999999999866e-01,1.455411999999999928e+00,1.575989999999999891e-01
2.271208000000000116e-01,1.454274000000000067e+00,1.582040000000000113e-01
2.268293999999999866e-01,1.453127999999999975e+00,1.588054999999999883e-01
2.265577000000000008e-01,1.451975999999999933e+00,1.594032999999999978e-01
2.263058000000000014e-01,1.450817000000000023e+00,1.599975999999999898e-01
2.260737999999999914e-01,1.449653000000000080e+00,1.605881999999999865e-01
2.258618000000000015e-01,1.448482000000000047e+00,1.611750999999999878e-01
2.256699000000000066e-01,1.447306999999999899e+00,1.617583999999999966e-01
2.254983000000000126e-01,1.446126000000000023e+00,1.623380000000000101e-01
2.253468000000000138e-01,1.444941000000000031e+00,1.629139000000000004e-01
2.252157999999999938e-01,1.443751999999999924e+00,1.634860999999999953e-01
2.251051000000000024e-01,1.442558000000000007e+00,1.640545999999999949e-01
2.250149999999999928e-01,1.441362000000000032e+00,1.646192999999999962e-01
2.249453999999999898e-01,1.440161999999999942e+00,1.651803000000000021e-01
2.248962999999999934e-01,1.438959000000000099e+00,1.657375000000000098e-01
2.248679000000000094e-01,1.437753999999999976e+00,1.662909999999999944e-01
2.248602000000000101e-01,1.436547000000000018e+00,1.668408000000000113e-01
2.248731999999999953e-01,1.435338999999999920e+00,1.673866999999999994e-01
2.249068999999999929e-01,1.434128999999999987e+00,1.679288999999999921e-01
2.249613000000000029e-01,1.432917999999999914e+00,1.684672999999999865e-01
2.250366000000000033e-01,1.431705999999999923e+00,1.690020000000000133e-01
2.251325999999999883e-01,1.430495000000000072e+00,1.695328999999999864e-01
2.252493000000000134e-01,1.429283000000000081e+00,1.700599999999999890e-01
2.253867999999999983e-01,1.428072000000000008e+00,1.705833999999999961e-01
2.255450999999999984e-01,1.426862000000000075e+00,1.711029000000000022e-01
2.257241000000000108e-01,1.425653000000000059e+00,1.716187999999999880e-01
2.259238000000000079e-01,1.424446000000000101e+00,1.721308000000000005e-01
2.261441999999999897e-01,1.423240999999999978e+00,1.726391999999999927e-01
2.263853000000000115e-01,1.422039000000000053e+00,1.731437999999999866e-01
2.266469000000000122e-01,1.420838999999999963e+00,1.736446000000000101e-01
2.269289999999999918e-01,1.419642000000000071e+00,1.741418000000000132e-01
2.272317000000000087e-01,1.418449000000000071e+00,1.746351999999999904e-01
2.275548000000000015e-01,1.417259000000000047e+00,1.751250000000000029e-01
2.278981999999999952e-01,1.416074000000000055e+00,1.756109999999999893e-01
2.282618999999999898e-01,1.414892999999999956e+00,1.760934999999999861e-01
2.286459000000000130e-01,1.413716999999999890e+00,1.765722000000000125e-01
2.290499000000000007e-01,1.412546999999999997e+00,1.770473999999999937e-01
2.294740000000000113e-01,1.411381999999999914e+00,1.775189000000000072e-01
2.299179000000000084e-01,1.410223000000000004e+00,1.779868000000000006e-01
2.303816999999999948e-01,1.409070000000000045e+00,1.784512000000000043e-01
2.308651999999999926e-01,1.407925000000000093e+00,1.789119999999999877e-01
2.313682999999999990e-01,1.406786000000000092e+00,1.793693000000000093e-01
2.318909000000000109e-01,1.405653999999999959e+00,1.798230000000000106e-01
2.324327999999999950e-01,1.404530999999999974e+00,1.802732999999999974e-01
2.329938000000000009e-01,1.403415000000000079e+00,1.807201999999999975e-01
2.335740000000000038e-01,1.402308000000000110e+00,1.811636000000000080e-01
2.341729999999999923e-01,1.401208999999999927e+00,1.816036000000000039e-01
2.347907999999999940e-01,1.400120000000000031e+00,1.820402999999999882e-01
2.354272000000000031e-01,1.399040000000000061e+00,1.824736000000000136e-01
2.360819999999999863e-01,1.397969999999999935e+00,1.829035999999999995e-01
2.367550999999999961e-01,1.396908999999999956e+00,1.833304000000000045e-01
2.374462999999999990e-01,1.395860000000000101e+00,1.837538999999999978e-01
2.381553999999999893e-01,1.394821000000000089e+00,1.841742000000000101e-01
2.388821999999999890e-01,1.393793000000000060e+00,1.845913000000000137e-01
2.396264999999999923e-01,1.392776000000000014e+00,1.850053000000000114e-01
2.403881999999999963e-01,1.391771000000000091e+00,1.854161000000000004e-01
2.411669999999999925e-01,1.390778000000000070e+00,1.858239999999999892e-01
2.419627000000000028e-01,1.389796999999999949e+00,1.862287999999999999e-01
2.427750999999999937e-01,1.388827999999999951e+00,1.866306000000000076e-01
2.436039999999999872e-01,1.387872999999999912e+00,1.870294999999999874e-01
2.444492000000000054e-01,1.386930999999999914e+00,1.874253999999999920e-01
2.453104999999999869e-01,1.386001999999999956e+00,1.878186000000000022e-01
2.461875000000000036e-01,1.385086999999999957e+00,1.882089000000000123e-01
2.470800999999999970e-01,1.384184999999999999e+00,1.885963999999999974e-01
2.479879999999999862e-01,1.383297999999999917e+00,1.889811999999999881e-01
2.489109999999999934e-01,1.382425999999999933e+00,1.893633000000000122e-01
2.498489000000000126e-01,1.381567999999999907e+00,1.897427999999999892e-01
2.508013000000000048e-01,1.380725999999999898e+00,1.901197000000000026e-01
2.517679999999999918e-01,1.379898000000000069e+00,1.904940999999999995e-01
2.527487999999999957e-01,1.379086999999999952e+00,1.908660000000000079e-01
2.537433000000000050e-01,1.378290999999999933e+00,1.912355000000000027e-01
2.547514000000000167e-01,1.377510999999999930e+00,1.916025000000000089e-01
2.557727000000000195e-01,1.376746999999999943e+00,1.919673000000000074e-01
2.568069000000000046e-01,1.375999999999999890e+00,1.923296999999999923e-01
2.578538000000000219e-01,1.375269999999999992e+00,1.926898999999999973e-01
2.589131000000000071e-01,1.374555999999999889e+00,1.930479999999999974e-01
2.599844000000000044e-01,1.373860000000000081e+00,1.934038999999999897e-01
2.610675000000000079e-01,1.373180999999999985e+00,1.937577000000000049e-01
2.621621000000000090e-01,1.372519999999999962e+00,1.941094999999999904e-01
2.632678999999999991e-01,1.371877000000000013e+00,1.944594000000000045e-01
2.643846000000000251e-01,1.371250999999999998e+00,1.948073999999999917e-01
2.655118000000000200e-01,1.370643999999999973e+00,1.951535000000000075e-01
2.666491999999999751e-01,1.370055000000000023e+00,1.954979000000000022e-01
2.677965999999999958e-01,1.369485000000000063e+00,1.958405000000000007e-01
2.689536000000000149e-01,1.368932999999999955e+00,1.961814000000000058e-01
2.701199000000000239e-01,1.368400999999999978e+00,1.965207999999999955e-01
2.712952000000000141e-01,1.367887000000000075e+00,1.968585999999999947e-01
2.724790999999999741e-01,1.367393000000000081e+00,1.971949000000000063e-01
2.736712000000000033e-01,1.366918000000000077e+00,1.975297000000000025e-01
2.748713999999999880e-01,1.366462000000000065e+00,1.978632999999999920e-01
2.760791000000000217e-01,1.366025999999999962e+00,1.981953999999999938e-01
2.772941999999999907e-01,1.365609999999999991e+00,1.985263999999999918e-01
2.785162999999999944e-01,1.365213999999999928e+00,1.988562000000000107e-01
2.797449000000000185e-01,1.364837000000000078e+00,1.991847999999999952e-01
2.809798000000000018e-01,1.364481000000000055e+00,1.995124000000000064e-01
2.822205999999999881e-01,1.364144999999999941e+00,1.998389999999999889e-01
2.834670000000000245e-01,1.363830000000000098e+00,2.001647000000000010e-01
2.847185999999999884e-01,1.363534999999999942e+00,2.004894999999999872e-01
2.859750999999999821e-01,1.363259999999999916e+00,2.008135000000000059e-01
2.872360999999999942e-01,1.363005999999999940e+00,2.011367000000000016e-01
2.885013000000000161e-01,1.362773000000000012e+00,2.014593000000000078e-01
2.897701999999999778e-01,1.362559999999999993e+00,2.017812999999999968e-01
2.910426999999999875e-01,1.362368999999999941e+00,2.021027999999999991e-01
2.923181999999999725e-01,1.362198000000000020e+00,2.024237000000000120e-01
2.935963999999999796e-01,1.362047999999999925e+00,2.027442999999999884e-01
2.948770000000000002e-01,1.361919000000000102e+00,2.030645000000000089e-01
2.961596000000000228e-01,1.361811000000000105e+00,2.033843999999999930e-01
2.974438999999999833e-01,1.361723999999999934e+00,2.037040999999999991e-01
2.987294999999999812e-01,1.361658000000000035e+00,2.040237000000000023e-01
3.000160000000000049e-01,1.361614000000000102e+00,2.043432000000000026e-01
3.013029999999999875e-01,1.361590000000000078e+00,2.046627000000000030e-01
3.025902999999999787e-01,1.361587000000000103e+00,2.049822000000000033e-01
3.038774000000000197e-01,1.361606000000000094e+00,2.053018000000000065e-01
3.051639999999999908e-01,1.361645999999999912e+00,2.056215999999999877e-01
3.064496999999999916e-01,1.361706000000000083e+00,2.059416000000000024e-01
3.077341000000000104e-01,1.361787999999999998e+00,2.062620000000000009e-01
3.090168999999999833e-01,1.361890999999999963e+00,2.065827000000000080e-01
3.102978000000000125e-01,1.362014999999999976e+00,2.069039000000000017e-01
3.115762999999999727e-01,1.362160000000000037e+00,2.072256000000000098e-01
3.128522000000000247e-01,1.362325999999999926e+00,2.075479000000000074e-01
3.141249999999999876e-01,1.362511999999999945e+00,2.078707999999999945e-01
3.153944000000000192e-01,1.362719999999999931e+00,2.081944000000000017e-01
3.166599999999999970e-01,1.362948000000000048e+00,2.085187000000000013e-01
3.179215000000000235e-01,1.363196999999999992e+00,2.088438999999999990e-01
3.191785999999999790e-01,1.363466999999999985e+00,2.091699999999999948e-01
3.204307000000000127e-01,1.363757000000000108e+00,2.094970999999999917e-01
3.216778000000000137e-01,1.364066999999999918e+00,2.098250999999999866e-01
3.229193000000000202e-01,1.364398000000000000e+00,2.101542999999999883e-01
3.241549000000000236e-01,1.364748999999999990e+00,2.104845999999999939e-01
3.253843000000000152e-01,1.365121000000000029e+00,2.108161000000000063e-01
3.266070999999999835e-01,1.365512000000000059e+00,2.111489000000000005e-01
3.278229999999999755e-01,1.365922999999999998e+00,2.114830000000000043e-01
3.290315999999999796e-01,1.366354000000000068e+00,2.118184999999999929e-01
3.302326999999999901e-01,1.366805000000000048e+00,2.121555999999999997e-01
3.314257999999999926e-01,1.367275000000000018e+00,2.124939999999999884e-01
3.326106999999999814e-01,1.367763999999999980e+00,2.128340999999999983e-01
3.337870000000000004e-01,1.368273000000000073e+00,2.131757999999999986e-01
3.349543999999999855e-01,1.368800999999999934e+00,2.135191999999999923e-01
3.361123999999999779e-01,1.369347000000000092e+00,2.138644000000000100e-01
3.372609999999999775e-01,1.369912000000000019e+00,2.142113999999999963e-01
3.383996000000000226e-01,1.370495999999999936e+00,2.145602000000000065e-01
3.395280999999999993e-01,1.371099000000000068e+00,2.149109999999999909e-01
3.406460000000000043e-01,1.371718999999999911e+00,2.152638000000000051e-01
3.417529999999999735e-01,1.372357000000000049e+00,2.156185999999999936e-01
3.428490000000000149e-01,1.373013999999999957e+00,2.159754000000000118e-01
3.439335000000000031e-01,1.373688000000000020e+00,2.163345000000000129e-01
3.450061999999999851e-01,1.374379000000000017e+00,2.166956999999999911e-01
3.460669000000000106e-01,1.375086999999999948e+00,2.170592000000000077e-01
3.471152000000000126e-01,1.375812999999999953e+00,2.174250000000000071e-01
3.481509999999999883e-01,1.376554999999999973e+00,2.177931999999999924e-01
3.491737999999999786e-01,1.377313999999999927e+00,2.181636999999999882e-01
3.501833999999999780e-01,1.378088999999999897e+00,2.185368000000000033e-01
3.511795999999999807e-01,1.378880000000000106e+00,2.189123000000000041e-01
3.521619999999999751e-01,1.379687000000000108e+00,2.192903999999999964e-01
3.531303000000000081e-01,1.380508999999999986e+00,2.196711000000000080e-01
3.540845000000000242e-01,1.381347000000000103e+00,2.200544999999999862e-01
3.550240000000000062e-01,1.382200000000000095e+00,2.204405000000000114e-01
3.559488000000000096e-01,1.383067000000000046e+00,2.208294000000000090e-01
3.568585000000000229e-01,1.383950000000000014e+00,2.212208999999999981e-01
3.577528999999999848e-01,1.384846000000000021e+00,2.216153999999999902e-01
3.586318000000000006e-01,1.385755999999999988e+00,2.220127000000000073e-01
3.594949000000000061e-01,1.386679999999999913e+00,2.224128999999999967e-01
3.603418999999999928e-01,1.387618000000000018e+00,2.228160999999999892e-01
3.611728000000000161e-01,1.388568999999999942e+00,2.232223000000000124e-01
3.619871000000000061e-01,1.389531999999999989e+00,2.236315000000000108e-01
3.627848000000000184e-01,1.390508999999999995e+00,2.240437999999999874e-01
3.635655999999999888e-01,1.391496999999999984e+00,2.244593000000000005e-01
3.643293000000000226e-01,1.392497000000000096e+00,2.248778999999999917e-01
3.650757000000000030e-01,1.393509000000000109e+00,2.252995999999999888e-01
3.658045999999999798e-01,1.394533000000000023e+00,2.257245999999999975e-01
3.665158000000000027e-01,1.395567000000000002e+00,2.261528999999999900e-01
3.672090000000000076e-01,1.396611999999999965e+00,2.265843999999999914e-01
3.678841999999999945e-01,1.397667999999999910e+00,2.270193000000000072e-01
3.685412000000000132e-01,1.398733000000000004e+00,2.274575000000000069e-01
3.691798000000000024e-01,1.399809000000000081e+00,2.278990999999999933e-01
3.697998000000000118e-01,1.400892999999999944e+00,2.283440999999999943e-01
3.704009999999999803e-01,1.401987000000000094e+00,2.287925000000000098e-01
3.709834000000000187e-01,1.403089999999999948e+00,2.292443999999999871e-01
3.715467000000000075e-01,1.404201000000000032e+00,2.296998000000000095e-01
3.720907999999999993e-01,1.405319999999999903e+00,2.301586999999999938e-01
3.726156999999999941e-01,1.406447000000000003e+00,2.306211999999999984e-01
3.731209999999999805e-01,1.407580999999999971e+00,2.310871999999999926e-01
3.736068000000000167e-01,1.408722000000000030e+00,2.315568000000000071e-01
3.740728999999999860e-01,1.409869999999999957e+00,2.320299999999999863e-01
3.745192999999999994e-01,1.411024999999999974e+00,2.325068000000000135e-01
3.749455999999999900e-01,1.412185000000000024e+00,2.329872000000000054e-01
3.753520000000000190e-01,1.413351000000000024e+00,2.334712999999999927e-01
3.757383000000000250e-01,1.414522999999999975e+00,2.339591000000000032e-01
3.761044000000000054e-01,1.415699000000000041e+00,2.344505000000000061e-01
3.764502000000000126e-01,1.416879999999999917e+00,2.349457000000000073e-01
3.767756999999999912e-01,1.418064999999999909e+00,2.354446000000000039e-01
3.770807999999999938e-01,1.419254000000000016e+00,2.359471999999999958e-01
3.773654000000000175e-01,1.420446000000000097e+00,2.364535000000000109e-01
3.776294000000000040e-01,1.421640999999999933e+00,2.369634999999999936e-01
3.778728000000000087e-01,1.422840000000000105e+00,2.374773000000000023e-01
3.780956999999999790e-01,1.424039999999999973e+00,2.379949000000000092e-01
3.782978000000000174e-01,1.425243000000000038e+00,2.385162000000000115e-01
3.784792000000000156e-01,1.426447999999999938e+00,2.390413000000000121e-01
3.786398999999999737e-01,1.427653000000000061e+00,2.395702000000000109e-01
3.787799000000000027e-01,1.428860000000000019e+00,2.401028000000000051e-01
3.788990999999999887e-01,1.430066999999999977e+00,2.406391999999999975e-01
3.789974999999999872e-01,1.431273999999999935e+00,2.411793999999999882e-01
3.790752000000000010e-01,1.432480999999999893e+00,2.417233000000000021e-01
3.791320000000000245e-01,1.433688000000000073e+00,2.422709999999999864e-01
3.791682000000000108e-01,1.434893999999999892e+00,2.428224999999999967e-01
3.791836000000000095e-01,1.436098000000000097e+00,2.433777000000000024e-01
3.791783000000000237e-01,1.437300999999999940e+00,2.439367000000000063e-01
3.791522999999999977e-01,1.438501999999999947e+00,2.444994000000000056e-01
3.791056999999999899e-01,1.439699999999999980e+00,2.450659000000000032e-01
3.790385000000000004e-01,1.440895999999999955e+00,2.456359999999999932e-01
3.789506999999999737e-01,1.442088000000000036e+00,2.462099000000000093e-01
3.788425000000000264e-01,1.443276999999999921e+00,2.467875999999999959e-01
3.787137999999999893e-01,1.444461999999999913e+00,2.473689000000000027e-01
3.785647999999999791e-01,1.445643000000000011e+00,2.479538000000000020e-01
3.783954999999999957e-01,1.446819999999999995e+00,2.485424999999999995e-01
3.782059999999999866e-01,1.447991000000000028e+00,2.491347999999999896e-01
3.779964000000000102e-01,1.449157000000000028e+00,2.497306999999999999e-01
3.777667000000000108e-01,1.450317999999999996e+00,2.503302000000000027e-01
3.775170999999999943e-01,1.451473000000000013e+00,2.509333000000000258e-01
3.772478000000000220e-01,1.452620999999999940e+00,2.515399999999999858e-01
3.769586999999999799e-01,1.453761999999999999e+00,2.521502999999999939e-01
3.766499999999999848e-01,1.454897000000000107e+00,2.527639999999999887e-01
3.763218999999999870e-01,1.456023999999999985e+00,2.533812999999999760e-01
3.759743999999999864e-01,1.457143999999999995e+00,2.540021000000000084e-01
3.756076999999999888e-01,1.458255000000000079e+00,2.546263000000000276e-01
3.752220000000000000e-01,1.459357999999999933e+00,2.552538999999999780e-01
3.748174000000000228e-01,1.460452000000000083e+00,2.558849000000000262e-01
3.743940000000000046e-01,1.461537000000000086e+00,2.565193000000000056e-01
3.739520000000000066e-01,1.462612999999999941e+00,2.571571000000000273e-01
3.734915999999999792e-01,1.463678999999999952e+00,2.577980999999999745e-01
3.730128999999999806e-01,1.464734999999999898e+00,2.584424000000000166e-01
3.725162000000000195e-01,1.465780000000000083e+00,2.590898999999999841e-01
3.720014999999999850e-01,1.466814999999999980e+00,2.597406999999999910e-01
3.714690999999999965e-01,1.467838999999999894e+00,2.603946999999999790e-01
3.709192000000000045e-01,1.468850999999999907e+00,2.610516999999999976e-01
3.703519000000000116e-01,1.469851999999999936e+00,2.617118999999999973e-01
3.697675000000000267e-01,1.470839999999999925e+00,2.623751000000000277e-01
3.691661999999999999e-01,1.471816999999999931e+00,2.630413999999999808e-01
3.685481999999999925e-01,1.472780999999999896e+00,2.637106000000000172e-01
3.679137000000000102e-01,1.473732000000000042e+00,2.643827999999999734e-01
3.672630000000000061e-01,1.474669999999999925e+00,2.650579000000000129e-01
3.665961999999999832e-01,1.475594999999999990e+00,2.657358000000000220e-01
3.659135000000000026e-01,1.476506000000000096e+00,2.664165000000000005e-01
3.652153000000000205e-01,1.477403000000000022e+00,2.671001000000000070e-01
3.645017999999999869e-01,1.478285000000000071e+00,2.677862999999999771e-01
3.637732000000000188e-01,1.479154000000000080e+00,2.684752000000000249e-01
3.630298000000000136e-01,1.480007000000000073e+00,2.691667999999999839e-01
3.622717999999999772e-01,1.480844999999999967e+00,2.698609000000000147e-01
3.614994999999999736e-01,1.481667999999999985e+00,2.705576000000000092e-01
3.607131000000000087e-01,1.482475999999999905e+00,2.712568000000000201e-01
3.599129999999999829e-01,1.483266999999999891e+00,2.719583999999999890e-01
3.590993000000000102e-01,1.484043000000000001e+00,2.726624000000000270e-01
3.582724999999999937e-01,1.484801999999999955e+00,2.733687000000000200e-01
3.574326999999999921e-01,1.485544999999999893e+00,2.740773000000000237e-01
3.565802000000000138e-01,1.486270999999999898e+00,2.747880999999999796e-01
3.557153000000000120e-01,1.486979999999999968e+00,2.755010999999999988e-01
3.548383999999999983e-01,1.487672000000000105e+00,2.762163000000000257e-01
3.539496999999999782e-01,1.488345999999999947e+00,2.769334999999999991e-01
3.530495000000000161e-01,1.489003000000000076e+00,2.776526999999999745e-01
3.521381000000000094e-01,1.489641999999999911e+00,2.783739000000000074e-01
3.512159000000000253e-01,1.490262999999999893e+00,2.790969999999999840e-01
3.502831000000000139e-01,1.490866000000000025e+00,2.798219000000000123e-01
3.493399999999999839e-01,1.491451000000000082e+00,2.805485999999999813e-01
3.483871000000000051e-01,1.492016999999999927e+00,2.812769999999999992e-01
3.474245000000000250e-01,1.492564000000000002e+00,2.820071000000000105e-01
3.464525999999999994e-01,1.493092000000000086e+00,2.827388000000000123e-01
3.454717999999999956e-01,1.493602000000000096e+00,2.834721000000000046e-01
3.444823000000000190e-01,1.494091999999999976e+00,2.842068999999999845e-01
3.434845999999999733e-01,1.494563000000000086e+00,2.849430000000000018e-01
3.424788000000000276e-01,1.495014000000000065e+00,2.856806000000000068e-01
3.414653999999999745e-01,1.495446000000000053e+00,2.864194999999999935e-01
3.404447999999999919e-01,1.495856999999999992e+00,2.871596000000000148e-01
3.394171999999999745e-01,1.496248999999999940e+00,2.879009000000000151e-01
3.383828999999999865e-01,1.496620999999999979e+00,2.886431999999999887e-01
3.373423999999999867e-01,1.496973000000000109e+00,2.893866999999999967e-01
3.362960999999999867e-01,1.497305000000000108e+00,2.901311999999999780e-01
3.352440999999999893e-01,1.497616000000000058e+00,2.908764999999999823e-01
3.341869000000000089e-01,1.497907000000000100e+00,2.916228000000000153e-01
3.331247999999999987e-01,1.498177000000000092e+00,2.923698000000000130e-01
3.320582000000000256e-01,1.498426999999999953e+00,2.931175999999999782e-01
3.309873999999999872e-01,1.498655999999999988e+00,2.938661000000000190e-01
3.299129000000000089e-01,1.498863999999999974e+00,2.946151000000000186e-01
3.288348999999999855e-01,1.499050999999999911e+00,2.953647999999999829e-01
3.277537999999999840e-01,1.499217999999999940e+00,2.961149000000000142e-01
3.266700000000000159e-01,1.499363999999999919e+00,2.968652999999999986e-01
3.255837999999999788e-01,1.499487999999999932e+00,2.976161999999999974e-01
3.244955999999999952e-01,1.499592000000000036e+00,2.983673000000000020e-01
3.234057000000000182e-01,1.499673999999999952e+00,2.991187000000000151e-01
3.223146000000000067e-01,1.499735999999999958e+00,2.998701999999999757e-01
3.212225000000000219e-01,1.499775999999999998e+00,3.006216999999999917e-01
3.201298000000000199e-01,1.499795999999999907e+00,3.013733000000000106e-01
3.190370000000000150e-01,1.499794000000000072e+00,3.021248999999999740e-01
3.179443000000000130e-01,1.499770999999999965e+00,3.028762999999999872e-01
3.168521000000000254e-01,1.499727000000000032e+00,3.036274999999999946e-01
3.157609000000000110e-01,1.499662000000000051e+00,3.043784999999999963e-01
3.146707999999999728e-01,1.499576000000000020e+00,3.051291999999999893e-01
3.135823999999999834e-01,1.499468999999999941e+00,3.058795000000000264e-01
3.124958999999999931e-01,1.499339999999999895e+00,3.066293999999999964e-01
3.114118000000000164e-01,1.499190999999999940e+00,3.073788000000000076e-01
3.103304000000000062e-01,1.499020999999999937e+00,3.081276000000000015e-01
3.092520000000000269e-01,1.498830000000000107e+00,3.088756999999999753e-01
3.081769999999999787e-01,1.498618000000000006e+00,3.096231999999999873e-01
3.071057999999999844e-01,1.498385999999999996e+00,3.103698999999999764e-01
3.060386999999999968e-01,1.498132000000000019e+00,3.111156999999999950e-01
3.049761000000000277e-01,1.497859000000000052e+00,3.118606999999999907e-01
3.039182999999999746e-01,1.497563999999999895e+00,3.126047000000000131e-01
3.028657000000000155e-01,1.497249000000000052e+00,3.133477000000000068e-01
3.018185999999999924e-01,1.496914000000000078e+00,3.140896000000000243e-01
3.007773999999999726e-01,1.496558999999999973e+00,3.148303000000000074e-01
2.997424000000000199e-01,1.496183000000000041e+00,3.155698000000000114e-01
2.987139999999999795e-01,1.495787999999999895e+00,3.163080999999999809e-01
2.976925000000000265e-01,1.495371999999999924e+00,3.170450000000000212e-01
2.966783000000000059e-01,1.494936999999999960e+00,3.177806000000000242e-01
2.956715999999999789e-01,1.494482000000000088e+00,3.185145999999999811e-01
2.946729000000000154e-01,1.494008000000000003e+00,3.192472000000000087e-01
2.936825000000000130e-01,1.493514000000000008e+00,3.199780999999999875e-01
2.927005999999999775e-01,1.493001000000000023e+00,3.207074999999999787e-01
2.917276999999999787e-01,1.492469000000000046e+00,3.214351999999999765e-01
2.907640000000000224e-01,1.491918000000000077e+00,3.221609999999999752e-01
2.898099000000000092e-01,1.491347999999999896e+00,3.228850999999999805e-01
2.888656000000000001e-01,1.490760000000000085e+00,3.236072999999999866e-01
2.879316000000000098e-01,1.490153000000000061e+00,3.243275999999999937e-01
2.870080999999999882e-01,1.489529000000000103e+00,3.250458999999999987e-01
2.860955000000000026e-01,1.488885999999999932e+00,3.257622000000000018e-01
2.851939000000000002e-01,1.488224999999999909e+00,3.264762999999999971e-01
2.843038999999999983e-01,1.487546999999999953e+00,3.271882999999999875e-01
2.834254999999999969e-01,1.486852000000000062e+00,3.278981000000000257e-01
2.825592000000000104e-01,1.486139000000000099e+00,3.286057000000000006e-01
2.817052999999999918e-01,1.485408999999999979e+00,3.293110000000000204e-01
2.808640000000000025e-01,1.484663000000000066e+00,3.300139000000000267e-01
2.800355999999999956e-01,1.483899000000000079e+00,3.307143000000000166e-01
2.792203999999999797e-01,1.483119999999999994e+00,3.314122999999999930e-01
2.784187000000000189e-01,1.482324999999999893e+00,3.321078000000000086e-01
2.776307000000000080e-01,1.481513999999999998e+00,3.328008000000000077e-01
2.768567000000000111e-01,1.480687000000000086e+00,3.334910999999999848e-01
2.760969999999999813e-01,1.479845000000000077e+00,3.341787999999999981e-01
2.753517999999999799e-01,1.478987999999999969e+00,3.348637999999999892e-01
2.746215000000000184e-01,1.478115999999999985e+00,3.355461000000000138e-01
2.739061999999999886e-01,1.477228999999999903e+00,3.362255000000000105e-01
2.732062000000000102e-01,1.476329000000000002e+00,3.369021999999999850e-01
2.725216999999999778e-01,1.475414000000000003e+00,3.375758999999999843e-01
2.718531000000000142e-01,1.474485000000000046e+00,3.382467000000000112e-01
2.712004000000000081e-01,1.473543999999999965e+00,3.389146000000000103e-01
2.705640000000000267e-01,1.472588999999999926e+00,3.395794999999999786e-01
2.699440000000000173e-01,1.471621000000000068e+00,3.402413000000000243e-01
2.693407999999999913e-01,1.470639999999999947e+00,3.408999999999999808e-01
2.687544000000000044e-01,1.469648000000000065e+00,3.415556000000000147e-01
2.681851000000000096e-01,1.468642999999999921e+00,3.422081000000000151e-01
2.676331000000000127e-01,1.467627000000000015e+00,3.428573999999999788e-01
2.670987000000000222e-01,1.466598999999999986e+00,3.435034000000000143e-01
2.665818999999999828e-01,1.465559999999999974e+00,3.441463000000000161e-01
2.660831000000000168e-01,1.464510999999999896e+00,3.447856999999999728e-01
2.656023000000000134e-01,1.463451000000000057e+00,3.454219000000000039e-01
2.651396999999999782e-01,1.462380999999999931e+00,3.460547999999999957e-01
2.646954999999999725e-01,1.461300999999999961e+00,3.466841999999999979e-01
2.642699000000000020e-01,1.460212000000000065e+00,3.473103000000000162e-01
2.638631000000000171e-01,1.459114000000000022e+00,3.479328999999999894e-01
2.634752000000000205e-01,1.458007000000000053e+00,3.485520999999999758e-01
2.631063000000000152e-01,1.456892000000000076e+00,3.491677000000000253e-01
2.627566000000000068e-01,1.455767999999999951e+00,3.497798999999999769e-01
2.624260999999999955e-01,1.454636999999999958e+00,3.503884999999999916e-01
2.621151999999999926e-01,1.453499000000000096e+00,3.509935000000000138e-01
2.618237999999999954e-01,1.452353000000000005e+00,3.515949999999999909e-01
2.615521000000000096e-01,1.451200999999999963e+00,3.521927999999999725e-01
2.613001999999999825e-01,1.450042000000000053e+00,3.527871000000000201e-01
2.610681999999999725e-01,1.448876999999999970e+00,3.533777000000000168e-01
2.608561999999999825e-01,1.447707000000000077e+00,3.539646000000000181e-01
2.606644000000000183e-01,1.446531000000000011e+00,3.545479000000000269e-01
2.604927000000000215e-01,1.445351000000000052e+00,3.551274999999999848e-01
2.603412999999999977e-01,1.444166000000000061e+00,3.557034000000000029e-01
2.602102000000000026e-01,1.442976000000000036e+00,3.562756000000000256e-01
2.600995999999999864e-01,1.441783000000000037e+00,3.568440999999999974e-01
2.600094000000000016e-01,1.440585999999999922e+00,3.574088000000000265e-01
2.599397999999999986e-01,1.439386999999999972e+00,3.579698000000000047e-01
2.598907999999999774e-01,1.438183999999999907e+00,3.585270999999999875e-01
2.598623999999999934e-01,1.436979000000000006e+00,3.590806000000000275e-01
2.598545999999999911e-01,1.435772000000000048e+00,3.596303000000000138e-01
2.598675999999999764e-01,1.434563000000000033e+00,3.601762000000000019e-01
2.599013000000000018e-01,1.433353000000000099e+00,3.607183999999999946e-01
2.599558000000000146e-01,1.432142000000000026e+00,3.612567999999999890e-01
2.600310000000000121e-01,1.430930999999999953e+00,3.617914999999999881e-01
2.601269999999999971e-01,1.429718999999999962e+00,3.623223999999999889e-01
2.602437000000000222e-01,1.428507999999999889e+00,3.628494999999999915e-01
2.603812999999999822e-01,1.427297000000000038e+00,3.633728999999999987e-01
2.605394999999999794e-01,1.426087000000000105e+00,3.638924000000000047e-01
2.607185000000000197e-01,1.424878000000000089e+00,3.644083000000000183e-01
2.609182999999999919e-01,1.423670999999999909e+00,3.649202999999999752e-01
2.611385999999999985e-01,1.422466000000000008e+00,3.654286999999999952e-01
2.613796999999999926e-01,1.421264000000000083e+00,3.659332000000000140e-01
2.616413000000000211e-01,1.420063999999999993e+00,3.664340999999999848e-01
2.619234999999999758e-01,1.418867000000000100e+00,3.669313000000000158e-01
2.622261000000000175e-01,1.417672999999999961e+00,3.674246999999999930e-01
2.625491999999999826e-01,1.416484000000000076e+00,3.679144999999999777e-01
2.628926999999999792e-01,1.415299000000000085e+00,3.684006000000000225e-01
2.632564000000000015e-01,1.414117999999999986e+00,3.688830000000000164e-01
2.636402999999999941e-01,1.412941999999999920e+00,3.693617000000000150e-01
2.640443000000000096e-01,1.411772000000000027e+00,3.698369000000000240e-01
2.644683999999999924e-01,1.410606999999999944e+00,3.703083999999999820e-01
2.649123999999999923e-01,1.409448000000000034e+00,3.707763000000000031e-01
2.653762000000000065e-01,1.408295000000000075e+00,3.712406999999999790e-01
2.658596999999999766e-01,1.407148999999999983e+00,3.717015000000000180e-01
2.663628000000000107e-01,1.406010999999999900e+00,3.721588000000000118e-01
2.668852999999999920e-01,1.404878999999999989e+00,3.726125000000000131e-01
2.674271999999999760e-01,1.403755000000000086e+00,3.730628000000000277e-01
2.679883000000000126e-01,1.402640000000000109e+00,3.735097000000000000e-01
2.685683999999999849e-01,1.401532999999999918e+00,3.739530999999999827e-01
2.691674000000000011e-01,1.400433999999999957e+00,3.743930999999999787e-01
2.697852000000000028e-01,1.399345000000000061e+00,3.748297999999999908e-01
2.704215999999999842e-01,1.398265000000000091e+00,3.752631000000000161e-01
2.710763999999999951e-01,1.397194999999999965e+00,3.756931000000000020e-01
2.717494999999999772e-01,1.396133999999999986e+00,3.761199000000000070e-01
2.724406999999999801e-01,1.395084999999999908e+00,3.765433999999999726e-01
2.731497999999999982e-01,1.394044999999999979e+00,3.769637000000000127e-01
2.738766000000000256e-01,1.393016999999999950e+00,3.773808000000000162e-01
2.746210000000000040e-01,1.392001000000000044e+00,3.777947999999999862e-01
2.753825999999999774e-01,1.390995999999999899e+00,3.782056999999999780e-01
2.761614000000000013e-01,1.390001999999999960e+00,3.786134999999999917e-01
2.769571000000000116e-01,1.389021999999999979e+00,3.790182999999999747e-01
2.777696000000000054e-01,1.388052999999999981e+00,3.794200999999999824e-01
2.785985000000000267e-01,1.387097999999999942e+00,3.798190000000000177e-01
2.794436000000000142e-01,1.386155000000000026e+00,3.802149000000000223e-01
2.803048000000000206e-01,1.385226999999999986e+00,3.806081000000000047e-01
2.811818999999999846e-01,1.384311000000000069e+00,3.809984000000000148e-01
2.820745000000000058e-01,1.383410000000000029e+00,3.813858999999999999e-01
2.829824000000000228e-01,1.382522999999999946e+00,3.817707000000000184e-01
2.839053999999999744e-01,1.381650999999999962e+00,3.821528000000000147e-01
2.848433000000000215e-01,1.380792999999999937e+00,3.825322999999999918e-01
2.857956999999999859e-01,1.379950000000000010e+00,3.829092000000000051e-01
2.867623999999999729e-01,1.379123000000000099e+00,3.832836000000000021e-01
2.877431999999999768e-01,1.378311000000000064e+00,3.836554999999999827e-01
2.887376999999999860e-01,1.377515999999999963e+00,3.840250000000000052e-01
2.897457999999999978e-01,1.376735999999999960e+00,3.843921000000000143e-01
2.907671000000000006e-01,1.375971999999999973e+00,3.847568000000000099e-01
2.918012999999999857e-01,1.375224999999999920e+00,3.851191999999999949e-01
2.928482000000000030e-01,1.374495000000000022e+00,3.854794999999999749e-01
2.939074999999999882e-01,1.373780999999999919e+00,3.858374999999999999e-01
2.949787999999999855e-01,1.373085000000000111e+00,3.861934000000000200e-01
2.960619999999999918e-01,1.372406000000000015e+00,3.865471999999999797e-01
2.971564999999999901e-01,1.371744999999999992e+00,3.868990999999999958e-01
2.982622999999999802e-01,1.371102000000000043e+00,3.872489000000000070e-01
2.993790000000000062e-01,1.370476000000000028e+00,3.875969000000000220e-01
3.005062000000000011e-01,1.369869000000000003e+00,3.879429999999999823e-01
3.016437000000000146e-01,1.369280000000000053e+00,3.882874000000000048e-01
3.027910999999999797e-01,1.368710000000000093e+00,3.886299999999999755e-01
3.039480999999999988e-01,1.368157999999999985e+00,3.889709000000000083e-01
3.051144000000000078e-01,1.367626000000000008e+00,3.893102999999999980e-01
3.062895999999999952e-01,1.367112000000000105e+00,3.896480999999999972e-01
3.074735000000000107e-01,1.366618000000000110e+00,3.899844000000000088e-01
3.086655999999999844e-01,1.366143000000000107e+00,3.903191999999999773e-01
3.098658000000000245e-01,1.365687000000000095e+00,3.906528000000000223e-01
3.110735000000000028e-01,1.365250999999999992e+00,3.909850000000000270e-01
3.122886000000000273e-01,1.364835000000000020e+00,3.913158999999999943e-01
3.135106999999999755e-01,1.364438999999999957e+00,3.916456999999999855e-01
3.147392999999999996e-01,1.364062000000000108e+00,3.919742999999999977e-01
3.159741999999999829e-01,1.363706000000000085e+00,3.923018999999999812e-01
3.172151000000000276e-01,1.363369999999999971e+00,3.926284999999999914e-01
3.184614000000000056e-01,1.363054999999999906e+00,3.929541999999999757e-01
3.197130999999999723e-01,1.362759999999999971e+00,3.932789999999999897e-01
3.209695000000000187e-01,1.362484999999999946e+00,3.936029999999999807e-01
3.222304999999999753e-01,1.362230999999999970e+00,3.939262000000000041e-01
3.234956999999999971e-01,1.361998000000000042e+00,3.942488000000000103e-01
3.247646000000000144e-01,1.361785000000000023e+00,3.945707999999999993e-01
3.260371000000000241e-01,1.361593000000000053e+00,3.948922000000000265e-01
3.273126000000000091e-01,1.361423000000000050e+00,3.952131999999999867e-01
3.285908000000000162e-01,1.361272999999999955e+00,3.955337999999999909e-01
3.298713999999999813e-01,1.361143999999999910e+00,3.958539999999999837e-01
3.311541000000000068e-01,1.361035999999999913e+00,3.961740000000000261e-01
3.324383000000000199e-01,1.360948999999999964e+00,3.964937000000000045e-01
3.337239000000000178e-01,1.360883000000000065e+00,3.968131999999999771e-01
3.350103999999999860e-01,1.360837999999999992e+00,3.971327000000000051e-01
3.362974000000000241e-01,1.360815000000000108e+00,3.974521999999999777e-01
3.375847000000000153e-01,1.360811999999999911e+00,3.977717000000000058e-01
3.388718000000000008e-01,1.360830999999999902e+00,3.980912999999999813e-01
3.401584000000000274e-01,1.360870000000000024e+00,3.984111000000000180e-01
3.414440999999999726e-01,1.360930999999999891e+00,3.987311000000000050e-01
3.427284999999999915e-01,1.361013000000000028e+00,3.990515000000000034e-01
3.440114000000000227e-01,1.361115999999999993e+00,3.993722000000000105e-01
3.452921999999999936e-01,1.361240000000000006e+00,3.996933999999999765e-01
3.465708000000000122e-01,1.361385000000000067e+00,4.000151000000000123e-01
3.478466000000000058e-01,1.361550999999999956e+00,4.003373000000000070e-01
3.491194000000000242e-01,1.361736999999999975e+00,4.006602000000000219e-01
3.503888000000000003e-01,1.361944999999999961e+00,4.009838000000000013e-01
3.516544999999999810e-01,1.362173000000000078e+00,4.013082000000000038e-01
3.529159000000000046e-01,1.362422000000000022e+00,4.016333999999999738e-01
3.541730000000000156e-01,1.362692000000000014e+00,4.019595000000000251e-01
3.554251999999999967e-01,1.362981999999999916e+00,4.022865999999999942e-01
3.566721999999999948e-01,1.363291999999999948e+00,4.026146999999999920e-01
3.579137000000000013e-01,1.363623000000000030e+00,4.029438000000000186e-01
3.591493000000000047e-01,1.363974000000000020e+00,4.032741000000000242e-01
3.603786999999999963e-01,1.364344999999999919e+00,4.036056000000000088e-01
3.616015000000000201e-01,1.364737000000000089e+00,4.039383999999999753e-01
3.628175000000000150e-01,1.365148000000000028e+00,4.042725999999999820e-01
3.640261000000000191e-01,1.365579000000000098e+00,4.046081000000000261e-01
3.652271999999999741e-01,1.366028999999999938e+00,4.049449999999999994e-01
3.664202999999999766e-01,1.366498999999999908e+00,4.052835000000000187e-01
3.676051000000000180e-01,1.366989000000000010e+00,4.056235999999999731e-01
3.687813999999999814e-01,1.367498000000000102e+00,4.059652999999999734e-01
3.699487000000000192e-01,1.368025000000000047e+00,4.063087000000000226e-01
3.711069000000000173e-01,1.368571999999999900e+00,4.066539000000000126e-01
3.722554000000000141e-01,1.369137000000000048e+00,4.070007999999999959e-01
3.733941000000000066e-01,1.369720999999999966e+00,4.073496999999999812e-01
3.745224999999999804e-01,1.370322999999999958e+00,4.077005000000000212e-01
3.756403999999999854e-01,1.370943999999999940e+00,4.080532000000000048e-01
3.767475000000000129e-01,1.371582000000000079e+00,4.084079999999999933e-01
3.778433999999999959e-01,1.372238999999999987e+00,4.087649999999999895e-01
3.789278999999999842e-01,1.372913000000000050e+00,4.091239999999999877e-01
3.800006000000000217e-01,1.373604000000000047e+00,4.094851999999999936e-01
3.810612999999999917e-01,1.374311999999999978e+00,4.098487000000000102e-01
3.821095999999999937e-01,1.375037999999999982e+00,4.102144999999999819e-01
3.831454000000000248e-01,1.375780000000000003e+00,4.105827000000000226e-01
3.841682000000000152e-01,1.376538999999999957e+00,4.109532000000000185e-01
3.851779000000000175e-01,1.377313999999999927e+00,4.113262999999999781e-01
3.861740000000000173e-01,1.378104999999999913e+00,4.117018000000000066e-01
3.871564000000000116e-01,1.378911999999999916e+00,4.120798999999999990e-01
3.881247999999999920e-01,1.379734000000000016e+00,4.124606000000000106e-01
3.890789000000000053e-01,1.380571999999999910e+00,4.128439999999999888e-01
3.900183999999999873e-01,1.381424999999999903e+00,4.132300999999999891e-01
3.909431999999999907e-01,1.382292000000000076e+00,4.136189000000000116e-01
3.918529000000000040e-01,1.383173999999999904e+00,4.140105000000000035e-01
3.927473000000000214e-01,1.384071000000000051e+00,4.144049000000000205e-01
3.936261999999999817e-01,1.384981000000000018e+00,4.148022000000000098e-01
3.944892999999999872e-01,1.385904999999999943e+00,4.152024000000000270e-01
3.953363999999999767e-01,1.386843000000000048e+00,4.156056000000000195e-01
3.961671999999999971e-01,1.387793999999999972e+00,4.160117999999999872e-01
3.969815999999999900e-01,1.388757000000000019e+00,4.164210999999999885e-01
3.977793000000000023e-01,1.389733000000000107e+00,4.168333000000000177e-01
3.985600000000000254e-01,1.390722000000000014e+00,4.172487999999999753e-01
3.993237000000000037e-01,1.391721999999999904e+00,4.176674000000000220e-01
4.000700999999999841e-01,1.392733999999999916e+00,4.180891999999999942e-01
4.007990000000000164e-01,1.393756999999999913e+00,4.185141000000000000e-01
4.015101999999999838e-01,1.394792000000000032e+00,4.189423999999999926e-01
4.022033999999999887e-01,1.395836999999999994e+00,4.193739000000000217e-01
4.028786999999999785e-01,1.396892000000000023e+00,4.198086999999999791e-01
4.035355999999999943e-01,1.397958000000000034e+00,4.202469999999999817e-01
4.041741999999999835e-01,1.399032999999999971e+00,4.206886000000000236e-01
4.047941999999999929e-01,1.400117999999999974e+00,4.211335999999999968e-01
4.053954000000000168e-01,1.401211999999999902e+00,4.215820000000000123e-01
4.059777999999999998e-01,1.402314999999999978e+00,4.220340000000000202e-01
4.065410999999999886e-01,1.403426000000000062e+00,4.224893000000000121e-01
4.070852999999999833e-01,1.404544999999999932e+00,4.229481999999999964e-01
4.076100999999999752e-01,1.405672000000000033e+00,4.234106999999999732e-01
4.081154000000000170e-01,1.406806000000000001e+00,4.238766999999999951e-01
4.086013000000000006e-01,1.407947000000000060e+00,4.243463000000000096e-01
4.090674000000000254e-01,1.409094999999999986e+00,4.248195000000000165e-01
4.095136999999999805e-01,1.410250000000000004e+00,4.252963000000000160e-01
4.099400999999999740e-01,1.411410000000000053e+00,4.257767000000000079e-01
4.103464000000000000e-01,1.412576000000000054e+00,4.262607999999999953e-01
4.107327000000000061e-01,1.413747000000000087e+00,4.267485999999999779e-01
4.110987999999999865e-01,1.414924000000000071e+00,4.272400000000000087e-01
4.114446999999999965e-01,1.416104999999999947e+00,4.277351999999999821e-01
4.117701999999999751e-01,1.417289000000000021e+00,4.282341000000000064e-01
4.120751999999999748e-01,1.418477999999999906e+00,4.287367000000000261e-01
4.123597999999999986e-01,1.419670999999999905e+00,4.292429999999999857e-01
4.126237999999999850e-01,1.420865999999999962e+00,4.297529999999999961e-01
4.128671999999999898e-01,1.422064999999999912e+00,4.302669000000000077e-01
4.130901000000000156e-01,1.423265000000000002e+00,4.307844000000000118e-01
4.132921999999999985e-01,1.424468000000000067e+00,4.313057000000000141e-01
4.134736999999999996e-01,1.425672000000000050e+00,4.318308000000000146e-01
4.136344000000000132e-01,1.426878000000000091e+00,4.323597000000000135e-01
4.137742999999999838e-01,1.428085000000000049e+00,4.328923000000000076e-01
4.138935000000000253e-01,1.429292000000000007e+00,4.334287000000000001e-01
4.139919000000000238e-01,1.430498999999999965e+00,4.339688999999999908e-01
4.140695999999999821e-01,1.431705999999999923e+00,4.345127999999999768e-01
4.141265000000000085e-01,1.432913000000000103e+00,4.350605000000000167e-01
4.141625999999999919e-01,1.434118999999999922e+00,4.356119999999999992e-01
4.141779999999999906e-01,1.435322999999999904e+00,4.361671999999999771e-01
4.141727000000000047e-01,1.436525999999999970e+00,4.367262000000000088e-01
4.141467999999999816e-01,1.437726000000000059e+00,4.372888999999999804e-01
4.141001000000000265e-01,1.438925000000000010e+00,4.378554000000000057e-01
4.140328999999999815e-01,1.440120000000000067e+00,4.384255000000000235e-01
4.139452000000000131e-01,1.441313000000000066e+00,4.389993999999999841e-01
4.138369000000000075e-01,1.442501999999999951e+00,4.395769999999999955e-01
4.137082000000000259e-01,1.443686999999999943e+00,4.401584000000000052e-01
4.135592000000000157e-01,1.444868000000000041e+00,4.407434000000000074e-01
4.133898999999999768e-01,1.446045000000000025e+00,4.413320000000000021e-01
4.132004000000000232e-01,1.447216000000000058e+00,4.419242999999999921e-01
4.129907999999999912e-01,1.448382000000000058e+00,4.425201999999999747e-01
4.127611999999999948e-01,1.449543000000000026e+00,4.431197000000000052e-01
4.125115999999999783e-01,1.450698000000000043e+00,4.437227999999999728e-01
4.122422000000000031e-01,1.451845999999999970e+00,4.443295999999999912e-01
4.119531000000000165e-01,1.452987000000000029e+00,4.449397999999999964e-01
4.116444000000000214e-01,1.454121999999999915e+00,4.455534999999999912e-01
4.113163000000000236e-01,1.455249000000000015e+00,4.461707999999999785e-01
4.109688000000000230e-01,1.456368000000000107e+00,4.467916000000000110e-01
4.106021999999999728e-01,1.457480000000000109e+00,4.474157999999999746e-01
4.102164999999999839e-01,1.458582999999999963e+00,4.480433999999999806e-01
4.098118000000000039e-01,1.459676999999999891e+00,4.486743999999999732e-01
4.093883999999999856e-01,1.460761999999999894e+00,4.493088000000000082e-01
4.089464999999999906e-01,1.461837999999999971e+00,4.499465999999999744e-01
4.084860000000000158e-01,1.462903000000000064e+00,4.505875999999999770e-01
4.080074000000000201e-01,1.463959000000000010e+00,4.512319000000000191e-01
4.075106000000000006e-01,1.465004999999999891e+00,4.518794999999999895e-01
4.069959000000000215e-01,1.466040000000000010e+00,4.525301999999999936e-01
